hello_R <- 2+5+4