hello_R <- 2+3+4